2960
2960
2958
2960
2958
2958
2958
2958
2960
2960
2962
2964
2964
2964
2966
2966
2964
2966
2964
2966
2966
2964
2962
2964
2966
2966
2964
2966
2968
2966
2964
2962
2962
2960
2960
2962
2962
2962
2964
2966
2966
2966
2964
2966
2968
2968
2968
2968
2968
2968
2966
2966
2964
2964
2964
2962
2962
2964
2964
2964
2964
2962
2962
2964
2964
2962
2962
2964
2966
2966
2966
2966
2966
2966
2968
2970
2970
2970
2970
2970
2970
2970
2968
2968
2968
2968
2968
2970
2968
2968
2966
2966
2968
2970
2970
2970
2968
2968
2968
2970
2972
2970
2970
2968
2968
2968
2968
2966
2964
2962
2960
2960
2962
2962
2960
2958
2958
2958
2956
2956
2954
2952
2952
2954
2954
2954
2954
2954
2954
2956
2956
2956
2956
2958
2960
2960
2960
2960
2958
2958
2960
2958
2960
2962
2962
2962
2964
2962
2962
2960
2962
2960
2960
2958
2956
2956
2954
2954
2954
2954
2956
2954
2954
2952
2952
2954
2954
2954
2954
2954
2954
2954
2952
2952
2952
2950
2950
2950
2950
2948
2948
2946
2946
2946
2948
2946
2948
2946
2944
2946
2948
2948
2950
2952
2950
2950
2950
2950
2948
2946
2948
2946
2948
2950
2948
2948
2948
2948
2948
2948
2946
2946
2948
2950
2952
2952
2954
2952
2954
2954
2952
2954
2954
2954
2954
2954
2956
2954
2952
2952
2952
2952
2950
2950
2948
2950
2952
2950
2952
2952
2952
2952
2950
2950
2952
2952
2952
2952
2954
2956
2956
2958
2958
2958
2956
2954
2954
2952
2950
2950
2950
2948
2946
2944
2942
2944
2944
2944
2946
2946
2944
2944
2944
2946
2946
2946
2944
2946
2948
2948
2948
2946
2944
2944
2946
2946
2948
2948
2950
2948
2948
2948
2948
2946
2946
2946
2948
2950
2952
2952
2950
2952
2952
2950
2948
2948
2946
2946
2946
2948
2950
2948
2948
2948
2946
2944
2946
2946
2946
2946
2948
2950
2950
2952
2954
2952
2952
2954
2952
2950
2950
2950
2950
2950
2948
2946
2946
2944
2946
2948
2946
2948
2950
2952
2954
2952
2952
2952
2952
2952
2950
2952
2952
2954
2954
2952
2954
2952
2950
2950
2950
2950
2950
2948
2948
2950
2952
2954
2952
2952
2952
2952
2952
2952
2954
2954
2954
2952
2952
2954
2956
2956
2956
2956
2958
2960
2960
2960
2962
2962
2962
2962
2960
2960
2958
2956
2958
2958
2960
2960
2958
2958
2960
2960
2958
2958
2958
2956
2956
2956
2954
2952
2952
2954
2952
2950
2950
2950
2950
2952
2952
2950
2950
2948
2948
2950
2948
2948
2950
2950
2950
2952
2950
2948
2948
2948
2948
2948
2948
2948
2950
2950
2950
2948
2946
2946
2948
2948
2946
2946
2948
2948
2948
2946
2946
2946
2946
2944
2942
2942
2944
2942
2944
2946
2946
2946
2944
2944
2944
2944
2944
2942
2942
2944
2942
2940
2940
2940
2938
2938
2940
2940
2942
2940
2942
2944
2944
2946
2944
2942
2942
2944
2942
2944
2944
2946
2948
2946
2948
2948
2948
2946
2944
2944
2944
2946
2944
2942
2942
2944
2942
2942
2940
2938
2938
2940
2942
2942
2942
2942
2942
2942
2942
2940
2940
2938
2940
2940
2940
2940
2942
2944
2942
2944
2942
2942
2942
2942
2940
2938
2936
2934
2934
2932
2934
2934
2934
2936
2936
2936
2936
2934
2934
2936
2936
2938
2940
2940
2940
2938
2936
2936
2934
2934
2932
2932
2930
2930
2930
2930
2932
2932
2932
2932
2932
2930
2932
2930
2928
2926
2926
2926
2928
2928
2928
2928
2928
2928
2928
2926
2924
2922
2922
2924
2922
2922
2924
2924
2924
2922
2922
2922
2920
2922
2920
2918
2920
2922
2922
2920
2918
2916
2916
2916
2916
2914
2914
2916
2918
2920
2922
2924
2922
2920
2922
2922
2922
2922
2922
2922
2920
2922
2924
2926
2928
2930
2932
2932
2932
2932
2934
2934
2934
2932
2934
2936
2938
2938
2936
2936
2936
2936
2934
2932
2934
2936
2936
2936
2938
2938
2938
2938
2938
2940
2942
2942
2942
2942
2942
2944
2944
2944
2944
2944
2944
2944
2942
2942
2940
2940
2940
2942
2944
2946
2948
2948
2948
2950
2952
2952
2952
2954
2956
2956
2954
2954
2954
2952
2950
2952
2950
2950
2950
2950
2950
2952
2954
2956
2956
2954
2954
2956
2956
2956
2956
2954
2954
2952
2954
2956
2958
2960
2960
2958
2960
2960
2960
2958
2960
2958
2958
2958
2960
2960
2958
2960
2958
2960
2962
2962
2962
2962
2962
2964
2964
2962
2964
2966
2966
2966
2966
2968
2970
2970
2970
2972
2972
2974
2972
2974
2972
2970
2970
2970
2970
2968
2968
2968
2966
2966
2964
2964
2964
2962
2962
2962
2962
2964
2964
2964
2964
2966
2968
2970
2972
2972
2972
2972
2974
2974
2974
2974
2976
2974
2972
2970
2968
2966
2966
2968
2966
2966
2966
2968
2968
2968
2968
2966
2968
2968
2966
2968
2968
2966
2964
2964
2966
2968
2970
2968
2970
2970
2972
2972
2972
2970
2968
2970
2970
2970
2968
2970
2972
2972
2972
2972
2972
2972
2972
2970
2972
2972
2970
2968
2970
2970
2970
2972
2972
2972
2972
2974
2972
2972
2972
2970
2970
2970
2968
2968
2970
2972
2972
2970
2972
2972
2972
2972
2970
2968
2968
2968
2966
2968
2968
2970
2972
2974
2974
2974
2972
2972
2972
2972
2972
2974
2974
2974
2972
2972
2972
2970
2968
2968
2968
2968
2968
2966
2964
2964
2964
2962
2964
2964
2962
2964
2964
2962
2962
2964
2964
2962
2962
2964
2964
2964
2964
2962
2960
2960
2962
2964
2962
2960
2960
2958
2958
2956
2956
2956
2956
2958
2958
2958
2960
2962
2964
2966
2968
2970
2972
2970
2970
2972
2972
2970
2968
2968
2966
2964
2966
2966
2966
2964
2964
2964
2966
2968
2970
2970
2970
2970
2972
2972
2974
2974
2974
2976
2976
2978
2976
2976
2976
2978
2978
2980
2982
2980
2980
2980
2980
2980
2980
2982
2980
2978
2978
2978
2980
2980
2982
2984
2982
2980
2978
2978
2976
2978
2976
2974